4
1000
0.0 0.627905195293 1.25333233564 1.87381314586 2.48689887165 3.09016994375 3.68124552685 4.25779291565 4.81753674102 5.35826794979 5.87785252292 6.37423989749 6.84547105929 7.28968627421 7.70513242776 8.09016994375 8.44327925502 8.76306680044 9.04827052466 9.29776485888 9.51056516295 9.68583161129 9.82287250729 9.92114701314 9.98026728428 10.0 9.98026728428 9.92114701314 9.82287250729 9.68583161129 9.51056516295 9.29776485888 9.04827052466 8.76306680044 8.44327925502 8.09016994375 7.70513242776 7.28968627421 6.84547105929 6.37423989749 5.87785252292 5.35826794979 4.81753674102 4.25779291565 3.68124552685 3.09016994375 2.48689887165 1.87381314586 1.25333233564 0.627905195293 1.22464679915e-15 -0.627905195293 -1.25333233564 -1.87381314586 -2.48689887165 -3.09016994375 -3.68124552685 -4.25779291565 -4.81753674102 -5.35826794979 -5.87785252292 -6.37423989749 -6.84547105929 -7.28968627421 -7.70513242776 -8.09016994375 -8.44327925502 -8.76306680044 -9.04827052466 -9.29776485888 -9.51056516295 -9.68583161129 -9.82287250729 -9.92114701314 -9.98026728428 -10.0 -9.98026728428 -9.92114701314 -9.82287250729 -9.68583161129 -9.51056516295 -9.29776485888 -9.04827052466 -8.76306680044 -8.44327925502 -8.09016994375 -7.70513242776 -7.28968627421 -6.84547105929 -6.37423989749 -5.87785252292 -5.35826794979 -4.81753674102 -4.25779291565 -3.68124552685 -3.09016994375 -2.48689887165 -1.87381314586 -1.25333233564 -0.627905195293
0.0 0.313952597647 0.626666167822 0.936906572929 1.24344943582 1.54508497187 1.84062276342 2.12889645783 2.40876837051 2.67913397489 2.93892626146 3.18711994874 3.42273552964 3.64484313711 3.85256621388 4.04508497187 4.22163962751 4.38153340022 4.52413526233 4.64888242944 4.75528258148 4.84291580564 4.91143625364 4.96057350657 4.99013364214 5.0 4.99013364214 4.96057350657 4.91143625364 4.84291580564 4.75528258148 4.64888242944 4.52413526233 4.38153340022 4.22163962751 4.04508497187 3.85256621388 3.64484313711 3.42273552964 3.18711994874 2.93892626146 2.67913397489 2.40876837051 2.12889645783 1.84062276342 1.54508497187 1.24344943582 0.936906572929 0.626666167822 0.313952597647 6.12323399574e-16 -0.313952597647 -0.626666167822 -0.936906572929 -1.24344943582 -1.54508497187 -1.84062276342 -2.12889645783 -2.40876837051 -2.67913397489 -2.93892626146 -3.18711994874 -3.42273552964 -3.64484313711 -3.85256621388 -4.04508497187 -4.22163962751 -4.38153340022 -4.52413526233 -4.64888242944 -4.75528258148 -4.84291580564 -4.91143625364 -4.96057350657 -4.99013364214 -5.0 -4.99013364214 -4.96057350657 -4.91143625364 -4.84291580564 -4.75528258148 -4.64888242944 -4.52413526233 -4.38153340022 -4.22163962751 -4.04508497187 -3.85256621388 -3.64484313711 -3.42273552964 -3.18711994874 -2.93892626146 -2.67913397489 -2.40876837051 -2.12889645783 -1.84062276342 -1.54508497187 -1.24344943582 -0.936906572929 -0.626666167822 -0.313952597647
0.0 0.314107590781 0.627905195293 0.941083133185 1.25333233564 1.5643446504 1.87381314586 2.18143241397 2.48689887165 2.78991106039 3.09016994375 3.38737920245 3.68124552685 3.97147890635 4.25779291565 4.5399049974 4.81753674102 5.0904141575 5.35826794979 5.62083377852 5.87785252292 6.12907053653 6.37423989749 6.61311865324 6.84547105929 7.07106781187 7.28968627421 7.5011106963 7.70513242776 7.90155012376 8.09016994375 8.27080574275 8.44327925502 8.60742027004 8.76306680044 8.91006524188 9.04827052466 9.17754625684 9.29776485888 9.40880768954 9.51056516295 9.60293685677 9.68583161129 9.75916761939 9.82287250729 9.87688340595 9.92114701314 9.95561964603 9.98026728428 9.99506560366 10.0 9.99506560366 9.98026728428 9.95561964603 9.92114701314 9.87688340595 9.82287250729 9.75916761939 9.68583161129 9.60293685677 9.51056516295 9.40880768954 9.29776485888 9.17754625684 9.04827052466 8.91006524188 8.76306680044 8.60742027004 8.44327925502 8.27080574275 8.09016994375 7.90155012376 7.70513242776 7.5011106963 7.28968627421 7.07106781187 6.84547105929 6.61311865324 6.37423989749 6.12907053653 5.87785252292 5.62083377852 5.35826794979 5.0904141575 4.81753674102 4.5399049974 4.25779291565 3.97147890635 3.68124552685 3.38737920245 3.09016994375 2.78991106039 2.48689887165 2.18143241397 1.87381314586 1.5643446504 1.25333233564 0.941083133185 0.627905195293 0.314107590781
0.0 0.157053795391 0.313952597647 0.470541566593 0.626666167822 0.782172325201 0.936906572929 1.09071620698 1.24344943582 1.3949555302 1.54508497187 1.69368960123 1.84062276342 1.98573945317 2.12889645783 2.2699524987 2.40876837051 2.54520707875 2.67913397489 2.81041688926 2.93892626146 3.06453526826 3.18711994874 3.30655932662 3.42273552964 3.53553390593 3.64484313711 3.75055534815 3.85256621388 3.95077506188 4.04508497187 4.13540287137 4.22163962751 4.30371013502 4.38153340022 4.45503262094 4.52413526233 4.58877312842 4.64888242944 4.70440384477 4.75528258148 4.80146842838 4.84291580564 4.87958380969 4.91143625364 4.93844170298 4.96057350657 4.97780982302 4.99013364214 4.99753280183 5.0 4.99753280183 4.99013364214 4.97780982302 4.96057350657 4.93844170298 4.91143625364 4.87958380969 4.84291580564 4.80146842838 4.75528258148 4.70440384477 4.64888242944 4.58877312842 4.52413526233 4.45503262094 4.38153340022 4.30371013502 4.22163962751 4.13540287137 4.04508497187 3.95077506188 3.85256621388 3.75055534815 3.64484313711 3.53553390593 3.42273552964 3.30655932662 3.18711994874 3.06453526826 2.93892626146 2.81041688926 2.67913397489 2.54520707875 2.40876837051 2.2699524987 2.12889645783 1.98573945317 1.84062276342 1.69368960123 1.54508497187 1.3949555302 1.24344943582 1.09071620698 0.936906572929 0.782172325201 0.626666167822 0.470541566593 0.313952597647 0.157053795391
1
1
-1
-1
